,x1,y1,x2,y2,centroid_x,centroid_y,w,h
0,1597,736,1698,912,1647.5,824.0,101,176
1,1711,446,1780,615,1745.5,530.5,69,169
2,1146,766,1234,953,1190.0,859.5,88,187
3,1024,854,1090,1042,1057.0,948.0,66,188
4,914,296,981,449,947.5,372.5,67,153
5,170,684,263,878,216.5,781.0,93,194
6,690,367,752,528,721.0,447.5,62,161
7,155,899,256,1078,205.5,988.5,101,179
8,1573,576,1656,760,1614.5,668.0,83,184
9,1065,608,1138,800,1101.5,704.0,73,192
10,1105,135,1154,249,1129.5,192.0,49,114
11,581,407,643,549,612.0,478.0,62,142
12,1173,321,1234,448,1203.5,384.5,61,127
13,578,302,634,431,606.0,366.5,56,129
14,747,254,801,392,774.0,323.0,54,138
15,1752,184,1819,322,1785.5,253.0,67,138
16,991,203,1058,351,1024.5,277.0,67,148
17,244,0,287,60,265.5,30.0,43,60
18,710,88,756,220,733.0,154.0,46,132
19,1772,288,1849,439,1810.5,363.5,77,151
20,339,474,401,632,370.0,553.0,62,158
21,1383,39,1421,166,1402.0,102.5,38,127
22,1868,262,1920,405,1894.0,333.5,52,143
23,960,0,995,110,977.5,55.0,35,110
24,801,49,838,170,819.5,109.5,37,121
25,1174,1030,1252,1080,1213.0,1055.0,78,50
26,907,28,945,151,926.0,89.5,38,123
27,411,0,445,55,428.0,27.5,34,55
28,79,63,138,235,108.5,149.0,59,172
29,1153,37,1195,149,1174.0,93.0,42,112
30,1704,77,1768,220,1736.0,148.5,64,143
